# Created By Carrara 8.0

mtllib Porta Urbica.Mtl

# Number of vertices: 384
v -45.464111 0.010566 -7.960937
v -55.181641 0.010568 -9.849121
v -51.266602 0.010568 -4.046387
v -45.464111 0.83407 -7.960937
v -55.181641 0.834071 -9.849121
v -51.266602 0.834071 -4.046387
v -46.036133 0.83407 -8.072266
v -54.609619 0.834071 -9.737793
v -51.15625 0.834071 -4.618164
v -46.036133 1.657578 -8.072266
v -54.609619 1.657578 -9.737793
v -51.15625 1.657578 -4.618164
v -46.606934 1.657578 -8.183594
v -54.038574 1.657578 -9.626953
v -51.044678 1.657578 -5.189453
v -46.606934 2.481085 -8.183594
v -54.038574 2.481086 -9.626953
v -51.044678 2.481086 -5.189453
v -47.178223 2.481085 -8.29541
v -53.467041 2.481086 -9.516113
v -50.933594 2.481086 -5.762207
v -47.178223 3.304592 -8.29541
v -53.467041 3.304594 -9.516113
v -50.933594 3.304594 -5.762207
v -47.750488 3.304592 -8.40625
v -52.895508 3.304594 -9.40625
v -50.822754 3.304594 -6.333496
v -47.750488 4.1281 -8.40625
v -52.895508 4.1281 -9.40625
v -50.822754 4.1281 -6.333496
v -48.321777 4.1281 -8.51709
v -52.32373 4.1281 -9.293945
v -50.71167 4.1281 -6.905273
v -48.321777 4.951608 -8.51709
v -52.32373 4.951608 -9.293945
v -50.71167 4.951608 -6.905273
v -48.893799 4.951608 -8.628418
v -51.751709 4.951608 -9.184082
v -50.600586 4.951608 -7.476562
v -48.893799 5.775111 -8.628418
v -51.751709 5.775111 -9.184082
v -50.600586 5.775111 -7.476562
v -49.465332 5.775111 -8.73877
v -51.18042 5.775111 -9.072754
v -50.48877 5.775111 -8.04834
v -49.465332 6.598623 -8.73877
v -51.18042 6.598623 -9.072754
v -50.48877 6.598623 -8.04834
v -61.005859 0.010568 -18.483398
v -64.92041 0.010568 -24.286133
v -64.92041 0.834075 -24.286133
v -61.005859 0.834071 -18.483398
v -59.11792 0.010568 -28.200195
v -59.11792 0.834074 -28.200195
v -64.349365 0.834075 -24.175293
v -60.894531 0.834075 -19.055664
v -59.229492 0.834074 -27.629883
v -64.349365 1.657583 -24.175293
v -60.894531 1.657583 -19.055664
v -59.229492 1.657582 -27.629883
v -63.777832 1.657583 -24.064453
v -60.783691 1.657583 -19.626465
v -59.3396 1.657582 -27.058594
v -63.777832 2.481086 -24.064453
v -60.783691 2.481086 -19.626465
v -59.3396 2.481085 -27.058594
v -63.206055 2.481086 -23.953613
v -60.673096 2.481086 -20.198242
v -59.450684 2.481085 -26.486816
v -63.206055 3.304595 -23.953613
v -60.673096 3.304595 -20.198242
v -59.450684 3.304594 -26.486816
v -62.634277 3.304595 -23.842285
v -60.561035 3.304595 -20.769043
v -59.562012 3.304594 -25.915039
v -62.634277 4.1281 -23.842285
v -60.561035 4.1281 -20.769043
v -59.562012 4.128101 -25.915039
v -62.062988 4.1281 -23.730469
v -60.450684 4.1281 -21.341309
v -59.67334 4.128101 -25.342773
v -62.062988 4.951609 -23.730469
v -60.450684 4.951609 -21.341309
v -59.67334 4.951609 -25.342773
v -61.491211 4.951609 -23.620605
v -60.339355 4.951609 -21.913086
v -59.78418 4.951609 -24.771973
v -61.491211 5.775116 -23.620605
v -60.339355 5.775116 -21.913086
v -59.78418 5.775116 -24.771973
v -60.919434 5.775116 -23.509277
v -60.227539 5.775116 -22.484863
v -59.895264 5.775116 -24.200195
v -60.919434 6.598624 -23.509277
v -60.227539 6.598624 -22.484863
v -59.895264 6.598624 -24.200195
v -34.90918 0.010566 -23.525391
v -30.994141 0.010566 -17.722168
v -30.994141 0.83407 -17.722168
v -34.90918 0.83407 -23.525391
v -36.797119 0.010566 -13.808105
v -36.797119 0.83407 -13.808105
v -31.566162 0.83407 -17.833984
v -35.02002 0.83407 -22.953125
v -36.686279 0.83407 -14.379395
v -31.566162 1.657578 -17.833984
v -35.02002 1.657578 -22.953125
v -36.686279 1.657578 -14.379395
v -32.137451 1.657578 -17.944824
v -35.131348 1.657578 -22.382324
v -36.574707 1.657578 -14.951172
v -32.137451 2.481085 -17.944824
v -35.131348 2.481085 -22.382324
v -36.574707 2.481085 -14.951172
v -32.708984 2.481085 -18.056152
v -35.242432 2.481085 -21.810059
v -36.463867 2.481085 -15.523437
v -32.708984 3.304592 -18.056152
v -35.242432 3.304592 -21.810059
v -36.463867 3.304592 -15.523437
v -33.28125 3.304592 -18.16748
v -35.354004 3.304592 -21.240234
v -36.353271 3.304592 -16.094727
v -33.28125 4.1281 -18.16748
v -35.354004 4.1281 -21.240234
v -36.353271 4.1281 -16.094727
v -33.852539 4.128099 -18.27832
v -35.4646 4.128099 -20.66748
v -36.241699 4.1281 -16.666992
v -33.852539 4.951606 -18.27832
v -35.4646 4.951606 -20.66748
v -36.241699 4.951608 -16.666992
v -34.424316 4.951606 -18.389648
v -35.575195 4.951606 -20.095703
v -36.131104 4.951608 -17.238281
v -34.424316 5.77511 -18.389648
v -35.575195 5.77511 -20.095703
v -36.131104 5.775112 -17.238281
v -34.996338 5.77511 -18.499512
v -35.686523 5.77511 -19.523437
v -36.019775 5.775112 -17.809082
v -34.996338 6.598621 -18.499512
v -35.686523 6.598621 -19.523437
v -36.019775 6.598624 -17.809082
v -40.733154 0.010566 -32.15918
v -40.733154 0.83407 -32.15918
v -44.647949 0.834074 -37.961914
v -44.647949 0.010566 -37.961914
v -50.451172 0.834074 -34.047852
v -50.451172 0.010566 -34.047852
v -41.304932 0.834074 -32.270996
v -44.76001 0.834074 -37.391602
v -49.879395 0.834074 -33.9375
v -41.304932 1.657582 -32.270996
v -44.76001 1.657582 -37.391602
v -49.879395 1.657582 -33.9375
v -41.876465 1.657582 -32.381348
v -44.870605 1.657582 -36.819824
v -49.307861 1.657582 -33.82666
v -41.876465 2.481085 -32.381348
v -44.870605 2.481085 -36.819824
v -49.307861 2.481085 -33.82666
v -42.447998 2.481085 -32.492187
v -44.981689 2.481085 -36.248047
v -48.736084 2.481085 -33.714844
v -42.447998 3.304592 -32.492187
v -44.981689 3.304592 -36.248047
v -48.736084 3.304592 -33.714844
v -43.019531 3.304592 -32.603027
v -45.092773 3.304592 -35.67627
v -48.164795 3.304592 -33.603516
v -43.019531 4.1281 -32.603027
v -45.092773 4.1281 -35.67627
v -48.164795 4.1281 -33.603516
v -43.591553 4.128099 -32.714355
v -45.204102 4.128099 -35.104004
v -47.593262 4.1281 -33.492187
v -43.591553 4.951606 -32.714355
v -45.204102 4.951606 -35.104004
v -47.593262 4.951608 -33.492187
v -44.163086 4.951606 -32.826172
v -45.314941 4.951606 -34.533203
v -47.021729 4.951608 -33.381836
v -44.163086 5.775114 -32.826172
v -45.314941 5.775114 -34.533203
v -47.021729 5.775116 -33.381836
v -44.734375 5.775114 -32.937012
v -45.42627 5.775114 -33.960937
v -46.450195 5.775116 -33.270508
v -44.734375 6.598621 -32.937012
v -45.42627 6.598621 -33.960937
v -46.450195 6.598624 -33.270508
v -11.530029 0.010551 54.856934
v -15.444824 0.010555 49.054199
v -15.444824 0.834063 49.054199
v -11.530029 0.834063 54.856934
v -9.641602 0.010555 45.13916
v -9.641602 0.834063 45.13916
v -14.873047 0.834063 49.165039
v -11.418213 0.834063 54.286133
v -9.75293 0.834063 45.710938
v -14.873047 1.65757 49.165039
v -11.418213 1.657566 54.286133
v -9.75293 1.657569 45.710938
v -14.300781 1.65757 49.277344
v -11.307373 1.657566 53.713867
v -9.863037 1.657569 46.283203
v -14.300781 2.481078 49.277344
v -11.307373 2.481078 53.713867
v -9.863037 2.481076 46.283203
v -13.729492 2.481078 49.386719
v -11.196533 2.481078 53.141602
v -9.974609 2.481076 46.853516
v -13.729492 3.304585 49.386719
v -11.196533 3.304585 53.141602
v -9.974609 3.304585 46.853516
v -13.158203 3.304585 49.498047
v -11.085449 3.304585 52.570801
v -10.085205 3.304585 47.425781
v -13.158203 4.128091 49.498047
v -11.085449 4.128088 52.570801
v -10.085205 4.128092 47.425781
v -12.586426 4.128088 49.610352
v -10.974121 4.128088 51.998535
v -10.196533 4.128088 47.998047
v -12.586426 4.951596 49.610352
v -10.974121 4.951596 51.998535
v -10.196533 4.951596 47.998047
v -12.014648 4.951596 49.720215
v -10.862793 4.951596 51.426758
v -10.308105 4.951596 48.569336
v -12.014648 5.775104 49.720215
v -10.862793 5.775104 51.426758
v -10.308105 5.775104 48.569336
v -11.443359 5.775104 49.831543
v -10.752197 5.775104 50.85498
v -10.417969 5.775104 49.141602
v -11.443359 6.598611 49.831543
v -10.752197 6.598611 50.85498
v -10.417969 6.598611 49.141602
v 8.742676 0.01055 41.179688
v 8.742676 0.834061 41.179688
v 4.827637 0.834061 35.377441
v 4.827637 0.010554 35.377441
v -0.974854 0.834061 39.29248
v -0.974854 0.010554 39.29248
v 8.170898 0.834061 41.070313
v 4.716797 0.834061 35.949219
v -0.403564 0.834061 39.403809
v 8.170898 1.657565 41.070313
v 4.716797 1.657568 35.949219
v -0.403564 1.657568 39.403809
v 7.599854 1.657565 40.958984
v 4.605957 1.657568 36.520996
v 0.168701 1.657568 39.51416
v 7.599854 2.481076 40.958984
v 4.605957 2.481076 36.520996
v 0.168701 2.481076 39.51416
v 7.02832 2.481076 40.848633
v 4.494873 2.481076 37.093262
v 0.740479 2.481076 39.625977
v 7.02832 3.304584 40.848633
v 4.494873 3.304584 37.093262
v 0.740479 3.304584 39.625977
v 6.456055 3.304584 40.737305
v 4.383301 3.304584 37.664063
v 1.312012 3.304584 39.736816
v 6.456055 4.128088 40.737305
v 4.383301 4.128091 37.664063
v 1.312012 4.128091 39.736816
v 5.884521 4.128087 40.625488
v 4.272461 4.128087 38.236328
v 1.883301 4.128088 39.848145
v 5.884521 4.951594 40.625488
v 4.272461 4.951594 38.236328
v 1.883301 4.951595 39.848145
v 5.313477 4.951594 40.514648
v 4.161621 4.951594 38.807617
v 2.454834 4.951595 39.958984
v 5.313477 5.775101 40.514648
v 4.161621 5.775101 38.807617
v 2.454834 5.775104 39.958984
v 4.741211 5.775101 40.40332
v 4.050293 5.775101 39.379395
v 3.026611 5.775104 40.071289
v 4.741211 6.598609 40.40332
v 4.050293 6.598609 39.379395
v 3.026611 6.598611 40.071289
v 14.567871 0.01055 49.81543
v 18.481934 0.01055 55.617676
v 18.481934 0.834061 55.617676
v 14.567871 0.834061 49.81543
v 12.678711 0.01055 59.532227
v 12.678711 0.834061 59.532227
v 17.910156 0.834061 55.506836
v 14.456299 0.834061 50.38623
v 12.789551 0.834061 58.959961
v 17.910156 1.657565 55.506836
v 14.456299 1.657565 50.38623
v 12.789551 1.657565 58.959961
v 17.338379 1.657565 55.395508
v 14.345459 1.657565 50.958984
v 12.901123 1.657565 58.388672
v 17.338379 2.481071 55.395508
v 14.345459 2.481071 50.958984
v 12.901123 2.481071 58.388672
v 16.766846 2.481071 55.285156
v 14.233887 2.481071 51.529785
v 13.012451 2.481071 57.817871
v 16.766846 3.30458 55.285156
v 14.233887 3.30458 51.529785
v 13.012451 3.30458 57.817871
v 16.195068 3.30458 55.17334
v 14.123535 3.30458 52.101563
v 13.123291 3.30458 57.245117
v 16.195068 4.128088 55.17334
v 14.123535 4.128088 52.101563
v 13.123291 4.128088 57.245117
v 15.623291 4.128087 55.062988
v 14.012451 4.128087 52.673828
v 13.234619 4.128088 56.674316
v 15.623291 4.95159 55.062988
v 14.012451 4.951594 52.673828
v 13.234619 4.951591 56.674316
v 15.052246 4.95159 54.951172
v 13.900879 4.951594 53.244141
v 13.345215 4.951591 56.103027
v 15.052246 5.775101 54.951172
v 13.900879 5.775101 53.244141
v 13.345215 5.775104 56.103027
v 14.47998 5.775101 54.839844
v 13.790039 5.775101 53.817383
v 13.456543 5.775104 55.53125
v 14.47998 6.598609 54.839844
v 13.790039 6.598609 53.817383
v 13.456543 6.598611 55.53125
v -5.705566 0.010551 63.490234
v -5.705566 0.834063 63.490234
v -1.79126 0.834063 69.292969
v -1.79126 0.010551 69.292969
v 4.012451 0.834063 65.378906
v 4.012451 0.01055 65.378906
v -5.133545 0.834063 63.601563
v -1.679199 0.834063 68.722168
v 3.44043 0.834063 65.268066
v -5.133545 1.657566 63.601563
v -1.679199 1.657566 68.722168
v 3.44043 1.657565 65.268066
v -4.561768 1.657566 63.713867
v -1.568604 1.657566 68.149902
v 2.869385 1.657565 65.15625
v -4.561768 2.481074 63.713867
v -1.568604 2.481074 68.149902
v 2.869385 2.481073 65.15625
v -3.990234 2.481074 63.82373
v -1.45752 2.481074 67.577637
v 2.298096 2.481073 65.045898
v -3.990234 3.304581 63.82373
v -1.45752 3.304581 67.577637
v 2.298096 3.30458 65.045898
v -3.418457 3.304581 63.93457
v -1.346436 3.304581 67.006836
v 1.726318 3.30458 64.934082
v -3.418457 4.128088 63.93457
v -1.346436 4.128088 67.006836
v 1.726318 4.128088 64.934082
v -2.84668 4.128088 64.046875
v -1.234863 4.128088 66.435547
v 1.154297 4.128088 64.82373
v -2.84668 4.951596 64.046875
v -1.234863 4.951592 66.435547
v 1.154297 4.951592 64.82373
v -2.275146 4.951596 64.156738
v -1.124268 4.951592 65.862793
v 0.583252 4.951592 64.712402
v -2.275146 5.775104 64.156738
v -1.124268 5.775104 65.862793
v 0.583252 5.775104 64.712402
v -1.703613 5.775104 64.268555
v -1.012939 5.775104 65.29248
v 0.011719 5.775104 64.601563
v -1.703613 6.598611 64.268555
v -1.012939 6.598611 65.29248
v 0.011719 6.598611 64.601563

# Number of normals: 872
vn 0.559252 0 0.828998
vn -0.828944 0 0.559332
vn -0.828944 0 0.559332
vn 0.559252 0 0.828998
vn 0.559252 0 0.828998
vn 0 1 0
vn -0.828944 0 0.559332
vn 0 1 0
vn -0.828944 0 0.559332
vn 0.559252 0 0.828998
vn 0 1 0
vn 0 1 0
vn 0.559252 0 0.828998
vn 0 1 0
vn -0.829023 0 0.559215
vn 0 1 0
vn -0.829023 0 0.559215
vn 0.559252 0 0.828998
vn 0.559252 0 0.828998
vn 0 1 0
vn -0.829023 0 0.559215
vn 0 1 0
vn -0.829023 0 0.559215
vn 0.559252 0 0.828998
vn 0 1 0
vn 0 1 0
vn 0.559252 0 0.828998
vn 0 1 0
vn -0.828998 0 0.559252
vn 0 1 0
vn -0.828998 0 0.559252
vn 0.559252 0 0.828998
vn 0.559252 0 0.828998
vn 0 1 0
vn -0.828998 0 0.559252
vn 0 1 0
vn -0.828998 0 0.559252
vn 0.559252 0 0.828998
vn 0 1 0
vn 0 1 0
vn 0.559252 0 0.828998
vn 0 1 0
vn -0.828956 0 0.559314
vn 0 1 0
vn -0.828956 0 0.559314
vn 0.559252 0 0.828998
vn 0.559252 0 0.828998
vn 0 1 -0.000001
vn -0.828956 0 0.559314
vn 0 1 0
vn -0.828956 0 0.559314
vn 0.559252 0 0.828998
vn 0 1 0
vn 0 1 -0.000001
vn 0.559252 0 0.828998
vn 0 1 0
vn -0.829039 0 0.559191
vn 0 1 0
vn -0.829039 0 0.559191
vn 0.559252 0 0.828998
vn 0.559252 0 0.828998
vn 0 1 0
vn -0.829039 0 0.559191
vn 0 1 0
vn -0.829039 0 0.559191
vn 0.559252 0 0.828998
vn 0 1 0
vn 0 1 0
vn 0.559252 0 0.828998
vn 0 1 0
vn -0.828945 0 0.55933
vn 0 1 0
vn -0.828945 0 0.55933
vn 0.559252 0 0.828998
vn 0.559252 0 0.828998
vn 0 1 0
vn -0.828945 0 0.55933
vn 0 1 0
vn -0.828945 0 0.55933
vn 0.559252 0 0.828998
vn 0 1 0
vn 0 1 0
vn 0.559252 0 0.828998
vn 0 1 0
vn -0.82909 0 0.559115
vn 0 1 0
vn -0.82909 0 0.559115
vn 0.559252 0 0.828998
vn 0.559252 0 0.828998
vn 0 1 0
vn -0.82909 0 0.559115
vn 0 1 0
vn -0.82909 0 0.559115
vn 0.559252 0 0.828998
vn 0 1 0
vn 0 1 0
vn 0.559252 0 0.828998
vn 0 1 0
vn -0.828721 0 0.559662
vn 0 1 0
vn -0.828721 0 0.559662
vn 0.559252 0 0.828998
vn 0.559252 0 0.828998
vn 0 1 0
vn -0.828721 0 0.559662
vn 0 1 0
vn -0.828721 0 0.559662
vn 0.559252 0 0.828998
vn 0 1 0
vn -0.828998 0 0.559252
vn -0.828998 0 0.559252
vn -0.559252 0 -0.828998
vn -0.828998 0 0.559252
vn 0 1 0
vn -0.559252 0 -0.828998
vn -0.828998 0 0.559252
vn -0.000008 1 0.000006
vn -0.559252 0 -0.828998
vn -0.559252 0 -0.828998
vn 0 1 0
vn 0 1 0
vn -0.828936 0 0.559343
vn -0.559325 0 -0.828949
vn -0.000007 1 0.000005
vn -0.828936 0 0.559343
vn 0 1 0
vn -0.559325 0 -0.828949
vn -0.828936 0 0.559343
vn 0 1 0
vn -0.559325 0 -0.828949
vn -0.828936 0 0.559343
vn 0 1 0
vn -0.559325 0 -0.828949
vn 0 1 0
vn 0 1 0
vn -0.82897 0 0.559294
vn -0.559252 0 -0.828998
vn 0 1 0
vn -0.82897 0 0.559294
vn 0 1 0
vn -0.559252 0 -0.828998
vn -0.82897 0 0.559294
vn 0 1 0
vn -0.559252 0 -0.828998
vn -0.82897 0 0.559294
vn 0 1 0
vn -0.559252 0 -0.828998
vn 0 1 0
vn 0 1 0
vn -0.829032 0 0.559202
vn -0.559252 0 -0.828998
vn 0 1 0
vn -0.829032 0 0.559202
vn 0 1 0
vn -0.559252 0 -0.828998
vn -0.829032 0 0.559202
vn 0 1 0
vn -0.559252 0 -0.828998
vn -0.829032 0 0.559202
vn 0 1 0
vn -0.559252 0 -0.828998
vn 0 1 0
vn 0 1 0
vn -0.829008 0 0.559236
vn -0.559252 0 -0.828998
vn 0 1 0
vn -0.829008 0 0.559236
vn 0 1 0
vn -0.559252 0 -0.828998
vn -0.829008 0 0.559236
vn 0 1 0
vn -0.559252 0 -0.828998
vn -0.829008 0 0.559236
vn 0 1 0
vn -0.559252 0 -0.828998
vn 0 1 0
vn 0 1 0
vn -0.828958 0 0.55931
vn -0.559252 0 -0.828998
vn 0 1 0
vn -0.828958 0 0.55931
vn -0.000001 1 0
vn -0.559252 0 -0.828998
vn -0.828958 0 0.55931
vn 0 1 0
vn -0.559252 0 -0.828998
vn -0.828958 0 0.55931
vn 0 1 0
vn -0.559252 0 -0.828998
vn 0 1 0
vn 0 1 0
vn -0.829072 0 0.559142
vn -0.559252 0 -0.828998
vn 0 1 0
vn -0.829072 0 0.559142
vn 0 1 0
vn -0.559252 0 -0.828998
vn -0.829072 0 0.559142
vn 0 1 0
vn -0.559252 0 -0.828998
vn -0.829072 0 0.559142
vn 0 1 0
vn -0.559252 0 -0.828998
vn 0 1 0
vn 0 1 0
vn -0.828783 0 0.559571
vn -0.559252 0 -0.828998
vn 0 1 0
vn -0.828783 0 0.559571
vn 0 1 0
vn -0.559252 0 -0.828998
vn -0.828783 0 0.559571
vn 0 1 0
vn -0.559252 0 -0.828998
vn -0.828783 0 0.559571
vn 0 1 0
vn -0.559252 0 -0.828998
vn 0 1 0
vn 0.828998 0 -0.559252
vn 0.828998 0 -0.559252
vn 0.559187 0 0.829041
vn 0.828998 0 -0.559252
vn 0 1 0
vn 0.559187 0 0.829041
vn 0.828998 0 -0.559252
vn 0 1 0
vn 0.559187 0 0.829041
vn 0.559187 0 0.829041
vn 0 1 0
vn 0 1 0
vn 0.828998 0 -0.559252
vn 0.559252 0 0.828998
vn 0 1 0
vn 0.828998 0 -0.559252
vn 0 1 0
vn 0.559252 0 0.828998
vn 0.828998 0 -0.559252
vn 0 1 0
vn 0.559252 0 0.828998
vn 0.828998 0 -0.559252
vn 0 1 0
vn 0.559252 0 0.828998
vn 0 1 0
vn 0 1 0
vn 0.828998 0 -0.559252
vn 0.559252 0 0.828998
vn 0 1 0
vn 0.828998 0 -0.559252
vn 0 1 0
vn 0.559252 0 0.828998
vn 0.828998 0 -0.559252
vn 0 1 0
vn 0.559252 0 0.828998
vn 0.828998 0 -0.559252
vn 0 1 0
vn 0.559252 0 0.828998
vn 0 1 0
vn 0 1 0
vn 0.82888 0 -0.559426
vn 0.559152 0 0.829065
vn 0 1 0
vn 0.82888 0 -0.559426
vn 0 1 0
vn 0.559152 0 0.829065
vn 0.82888 0 -0.559426
vn 0 1 0
vn 0.559152 0 0.829065
vn 0.82888 0 -0.559426
vn 0 1 0
vn 0.559152 0 0.829065
vn 0 1 0
vn 0 1 0
vn 0.829039 0 -0.559191
vn 0.559252 0 0.828998
vn 0 1 0
vn 0.829039 0 -0.559191
vn 0 1 0
vn 0.559252 0 0.828998
vn 0.829039 0 -0.559191
vn -0.000002 1 0
vn 0.559252 0 0.828998
vn 0.829039 0 -0.559191
vn -0.000002 1 0.000001
vn 0.559252 0 0.828998
vn 0 1 0
vn -0.000002 1 0
vn 0.828932 0 -0.559349
vn 0.559252 0 0.828998
vn -0.000002 1 0.000001
vn 0.828932 0 -0.559349
vn 0.000001 1 0
vn 0.559252 0 0.828998
vn 0.828932 0 -0.559349
vn 0 1 0
vn 0.559252 0 0.828998
vn 0.828932 0 -0.559349
vn 0 1 0
vn 0.559252 0 0.828998
vn 0.000001 1 0
vn 0 1 0
vn 0.828961 0 -0.559306
vn 0.559252 0 0.828998
vn 0 1 0
vn 0.828961 0 -0.559306
vn 0.000001 1 0
vn 0.559252 0 0.828998
vn 0.828961 0 -0.559306
vn 0 1 -0.000001
vn 0.559252 0 0.828998
vn 0.828961 0 -0.559306
vn 0 1 0
vn 0.559252 0 0.828998
vn 0.000002 1 0
vn 0 1 -0.000001
vn 0.829121 0 -0.559069
vn 0.559252 0 0.828998
vn 0 1 0
vn 0.829121 0 -0.559069
vn 0.000002 1 0
vn 0.559252 0 0.828998
vn 0.829121 0 -0.559069
vn 0.000002 1 -0.000001
vn 0.559252 0 0.828998
vn 0.829121 0 -0.559069
vn 0.000002 1 -0.000001
vn 0.559252 0 0.828998
vn 0.000002 1 -0.000001
vn 0.828987 0 -0.559268
vn 0.828987 0 -0.559268
vn 0.000008 1 -0.000005
vn 0.828987 0 -0.559268
vn -0.559187 0 -0.829041
vn 0 1 0
vn 0.828987 0 -0.559268
vn -0.559187 0 -0.829041
vn -0.559187 0 -0.829041
vn 0 1 0
vn -0.559187 0 -0.829041
vn 0.000008 1 -0.000005
vn 0.828955 0 -0.559316
vn 0 1 0
vn 0.828955 0 -0.559316
vn -0.559325 0 -0.828949
vn 0 1 0
vn -0.559325 0 -0.828949
vn 0.828955 0 -0.559316
vn 0 1 0
vn 0.828955 0 -0.559316
vn -0.559325 0 -0.828949
vn 0 1 0
vn -0.559325 0 -0.828949
vn 0 1 0
vn 0 1 0
vn 0.828984 0 -0.559273
vn 0 1 0
vn 0.828984 0 -0.559273
vn -0.559252 0 -0.828998
vn 0 1 0
vn -0.559252 0 -0.828998
vn 0.828984 0 -0.559273
vn 0 1 0
vn 0.828984 0 -0.559273
vn -0.559252 0 -0.828998
vn 0 1 0
vn -0.559252 0 -0.828998
vn 0 1 0
vn 0 1 0
vn 0.829015 0 -0.559227
vn 0 1 0
vn 0.829015 0 -0.559227
vn -0.559252 0 -0.828998
vn 0 1 0
vn -0.559252 0 -0.828998
vn 0.829015 0 -0.559227
vn 0 1 0
vn 0.829015 0 -0.559227
vn -0.559252 0 -0.828998
vn 0 1 0
vn -0.559252 0 -0.828998
vn 0 1 0
vn 0 1 0
vn 0.829029 0 -0.559206
vn 0 1 0
vn 0.829029 0 -0.559206
vn -0.559252 0 -0.828998
vn 0 1 0
vn -0.559252 0 -0.828998
vn 0.829029 0 -0.559206
vn -0.000002 1 0.000001
vn 0.829029 0 -0.559206
vn -0.559252 0 -0.828998
vn 0 1 0.000002
vn -0.559252 0 -0.828998
vn 0 1 0
vn -0.000002 1 0.000001
vn 0.828906 0 -0.559388
vn 0 1 0.000002
vn 0.828906 0 -0.559388
vn -0.559252 0 -0.828998
vn 0 1 -0.000001
vn -0.559252 0 -0.828998
vn 0.828906 0 -0.559388
vn 0 1 0
vn 0.828906 0 -0.559388
vn -0.559252 0 -0.828998
vn 0 1 0
vn -0.559252 0 -0.828998
vn 0 1 -0.000001
vn 0 1 0
vn 0.829035 0 -0.559197
vn 0 1 0
vn 0.829035 0 -0.559197
vn -0.559252 0 -0.828998
vn 0 1 -0.000001
vn -0.559252 0 -0.828998
vn 0.829035 0 -0.559197
vn 0 1 0
vn 0.829035 0 -0.559197
vn -0.559252 0 -0.828998
vn 0.000001 1 0
vn -0.559252 0 -0.828998
vn 0.000001 1 -0.000002
vn 0 1 0
vn 0.828629 0 -0.559799
vn 0.000001 1 0
vn 0.828629 0 -0.559799
vn -0.559252 0 -0.828998
vn 0.000001 1 -0.000004
vn -0.559252 0 -0.828998
vn 0.828629 0 -0.559799
vn 0.000002 1 -0.000001
vn 0.828629 0 -0.559799
vn -0.559252 0 -0.828998
vn 0.000002 1 -0.000001
vn -0.559252 0 -0.828998
vn 0.000002 1 -0.000001
vn -0.828987 0 0.559268
vn -0.828987 0 0.559268
vn -0.559252 0 -0.828998
vn -0.828987 0 0.559268
vn 0 1 0
vn -0.559252 0 -0.828998
vn -0.828987 0 0.559268
vn 0 1 0
vn -0.559252 0 -0.828998
vn -0.559252 0 -0.828998
vn 0 1 0
vn 0 1 0
vn -0.828979 0 0.559279
vn -0.559252 0 -0.828998
vn 0 1 0
vn -0.828979 0 0.559279
vn 0 1 0
vn -0.559252 0 -0.828998
vn -0.828979 0 0.559279
vn 0 1 0
vn -0.559252 0 -0.828998
vn -0.828979 0 0.559279
vn 0.000001 1 0
vn -0.559252 0 -0.828998
vn 0 1 0
vn 0 1 0
vn -0.82897 0 0.559294
vn -0.559252 0 -0.828998
vn 0.000001 1 0
vn -0.82897 0 0.559294
vn 0 1 0
vn -0.559252 0 -0.828998
vn -0.82897 0 0.559294
vn 0 1 0
vn -0.559252 0 -0.828998
vn -0.82897 0 0.559294
vn 0 1 0
vn -0.559252 0 -0.828998
vn 0 1 0
vn 0 1 0
vn -0.828981 0 0.559277
vn -0.559252 0 -0.828998
vn 0 1 0
vn -0.828981 0 0.559277
vn 0 1 0
vn -0.559252 0 -0.828998
vn -0.828981 0 0.559277
vn 0 1 0
vn -0.559252 0 -0.828998
vn -0.828981 0 0.559277
vn 0 1 0
vn -0.559252 0 -0.828998
vn 0 1 0
vn 0 1 0
vn -0.82907 0 0.559145
vn -0.559008 0 -0.829162
vn 0 1 0
vn -0.82907 0 0.559145
vn 0 1 0
vn -0.559008 0 -0.829162
vn -0.82907 0 0.559145
vn 0.000007 1 0.000002
vn -0.559008 0 -0.829162
vn -0.82907 0 0.559145
vn 0.000002 1 0
vn -0.559008 0 -0.829162
vn 0.000005 1 0.000009
vn 0.000007 1 0.000002
vn -0.82884 0 0.559486
vn -0.559252 0 -0.828998
vn 0.000003 1 -0.000001
vn -0.82884 0 0.559486
vn 0.000005 1 0.000008
vn -0.559252 0 -0.828998
vn -0.82884 0 0.559486
vn 0 1 0
vn -0.559252 0 -0.828998
vn -0.82884 0 0.559486
vn 0 1 0
vn -0.559252 0 -0.828998
vn 0 1 0
vn 0 1 0
vn -0.828961 0 0.559306
vn -0.559252 0 -0.828998
vn 0 1 0
vn -0.828961 0 0.559306
vn 0 1 0
vn -0.559252 0 -0.828998
vn -0.828961 0 0.559306
vn 0 1 0
vn -0.559252 0 -0.828998
vn -0.828961 0 0.559306
vn 0 1 0
vn -0.559252 0 -0.828998
vn 0 1 0
vn 0 1 0
vn -0.828782 0 0.559571
vn -0.558522 0 -0.82949
vn 0 1 0
vn -0.828782 0 0.559571
vn 0 1 0
vn -0.558522 0 -0.82949
vn -0.828782 0 0.559571
vn 0 1 0
vn -0.558522 0 -0.82949
vn -0.828782 0 0.559571
vn 0 1 0
vn -0.558522 0 -0.82949
vn 0 1 0
vn 0.828976 0 -0.559284
vn 0.828976 0 -0.559284
vn 0 1 0
vn 0.828976 0 -0.559284
vn -0.559316 0 -0.828955
vn 0 1 0
vn 0.828976 0 -0.559284
vn -0.559316 0 -0.828955
vn -0.559316 0 -0.828955
vn 0 1 0
vn -0.559316 0 -0.828955
vn 0 1 0
vn 0.829029 0 -0.559206
vn 0 1 0
vn 0.829029 0 -0.559206
vn -0.559252 0 -0.828998
vn 0 1 0
vn -0.559252 0 -0.828998
vn 0.829029 0 -0.559206
vn 0 1 0.000001
vn 0.829029 0 -0.559206
vn -0.559252 0 -0.828998
vn 0 1 0
vn -0.559252 0 -0.828998
vn 0 1 0
vn 0 1 0.000001
vn 0.829012 0 -0.559231
vn 0 1 0
vn 0.829012 0 -0.559231
vn -0.559252 0 -0.828998
vn 0 1 0
vn -0.559252 0 -0.828998
vn 0.829012 0 -0.559231
vn 0 1 0
vn 0.829012 0 -0.559231
vn -0.559252 0 -0.828998
vn 0 1 0
vn -0.559252 0 -0.828998
vn 0 1 0
vn 0 1 0
vn 0.828973 0 -0.559289
vn 0 1 0
vn 0.828973 0 -0.559289
vn -0.559252 0 -0.828998
vn 0 1 0
vn -0.559252 0 -0.828998
vn 0.828973 0 -0.559289
vn 0 1 0
vn 0.828973 0 -0.559289
vn -0.559252 0 -0.828998
vn 0 1 0
vn -0.559252 0 -0.828998
vn 0 1 0
vn 0 1 0
vn 0.82908 0 -0.55913
vn 0 1 0
vn 0.82908 0 -0.55913
vn -0.559495 0 -0.828834
vn 0 1 0
vn -0.559495 0 -0.828834
vn 0.82908 0 -0.55913
vn -0.000002 1 0.000003
vn 0.82908 0 -0.55913
vn -0.559495 0 -0.828834
vn -0.000001 1 0.000009
vn -0.559495 0 -0.828834
vn 0.000006 1 0.000008
vn -0.000004 1 0.000004
vn 0.828945 0 -0.55933
vn -0.000001 1 0.000009
vn 0.828945 0 -0.55933
vn -0.559252 0 -0.828998
vn 0.000006 1 0.000008
vn -0.559252 0 -0.828998
vn 0.828945 0 -0.55933
vn 0 1 0
vn 0.828945 0 -0.55933
vn -0.559252 0 -0.828998
vn 0 1 0
vn -0.559252 0 -0.828998
vn 0 1 -0.000001
vn 0 1 0
vn 0.829072 0 -0.559142
vn 0 1 0
vn 0.829072 0 -0.559142
vn -0.559252 0 -0.828998
vn 0 1 -0.000001
vn -0.559252 0 -0.828998
vn 0.829072 0 -0.559142
vn 0 1 0
vn 0.829072 0 -0.559142
vn -0.559252 0 -0.828998
vn 0.000001 1 0
vn -0.559252 0 -0.828998
vn 0.000001 1 -0.000002
vn 0 1 0
vn 0.828998 0 -0.559252
vn 0.000001 1 0
vn 0.828998 0 -0.559252
vn -0.559981 0 -0.828505
vn 0 1 -0.000002
vn -0.559981 0 -0.828505
vn 0.828998 0 -0.559252
vn 0.000001 1 -0.000001
vn 0.828998 0 -0.559252
vn -0.559981 0 -0.828505
vn 0.000001 1 -0.000001
vn -0.559981 0 -0.828505
vn 0.000001 1 -0.000001
vn 0.828998 0 -0.559252
vn 0.828998 0 -0.559252
vn 0.559252 0 0.828998
vn 0.828998 0 -0.559252
vn 0 1 0
vn 0.559252 0 0.828998
vn 0.828998 0 -0.559252
vn 0 1 0
vn 0.559252 0 0.828998
vn 0.559252 0 0.828998
vn 0 1 0
vn 0 1 0
vn 0.82906 0 -0.55916
vn 0.559106 0 0.829096
vn 0 1 0
vn 0.82906 0 -0.55916
vn 0 1 0
vn 0.559106 0 0.829096
vn 0.82906 0 -0.55916
vn 0 1 0
vn 0.559106 0 0.829096
vn 0.82906 0 -0.55916
vn 0 1 0
vn 0.559106 0 0.829096
vn 0 1 0
vn 0 1 0
vn 0.829019 0 -0.55922
vn 0.559167 0 0.829055
vn 0 1 0
vn 0.829019 0 -0.55922
vn 0 1 0
vn 0.559167 0 0.829055
vn 0.829019 0 -0.55922
vn 0 1 0
vn 0.559167 0 0.829055
vn 0.829019 0 -0.55922
vn 0 1 0
vn 0.559167 0 0.829055
vn 0 1 0
vn 0 1 0
vn 0.829065 0 -0.559152
vn 0.559252 0 0.828998
vn 0 1 0
vn 0.829065 0 -0.559152
vn 0 1 0
vn 0.559252 0 0.828998
vn 0.829065 0 -0.559152
vn 0 1 0
vn 0.559252 0 0.828998
vn 0.829065 0 -0.559152
vn 0 1 0
vn 0.559252 0 0.828998
vn 0 1 0
vn 0 1 0
vn 0.829111 0 -0.559084
vn 0.559252 0 0.828998
vn 0 1 0
vn 0.829111 0 -0.559084
vn 0 1 0
vn 0.559252 0 0.828998
vn 0.829111 0 -0.559084
vn -0.000002 1 0
vn 0.559252 0 0.828998
vn 0.829111 0 -0.559084
vn -0.000002 1 0.000001
vn 0.559252 0 0.828998
vn 0 1 0
vn -0.000002 1 0
vn 0.829156 0 -0.559017
vn 0.559252 0 0.828998
vn -0.000002 1 0.000001
vn 0.829156 0 -0.559017
vn 0.000001 1 0
vn 0.559252 0 0.828998
vn 0.829156 0 -0.559017
vn 0 1 0.000001
vn 0.559252 0 0.828998
vn 0.829156 0 -0.559017
vn 0.000002 1 0
vn 0.559252 0 0.828998
vn 0.000001 1 0
vn 0 1 0.000001
vn 0.828979 0 -0.559279
vn 0.559252 0 0.828998
vn 0.000002 1 0.000001
vn 0.828979 0 -0.559279
vn 0.000001 1 0
vn 0.559252 0 0.828998
vn 0.828979 0 -0.559279
vn 0 1 -0.000001
vn 0.559252 0 0.828998
vn 0.828979 0 -0.559279
vn 0 1 0
vn 0.559252 0 0.828998
vn 0.000002 1 0
vn 0 1 -0.000001
vn 0.828967 0 -0.559297
vn 0.559617 0 0.828752
vn 0 1 0
vn 0.828967 0 -0.559297
vn 0.000002 1 0
vn 0.559617 0 0.828752
vn 0.828967 0 -0.559297
vn 0.000001 1 -0.000001
vn 0.559617 0 0.828752
vn 0.828967 0 -0.559297
vn 0.000001 1 -0.000001
vn 0.559617 0 0.828752
vn 0.000001 1 -0.000001
vn -0.828998 0 0.559252
vn -0.828998 0 0.559252
vn 0 1 0
vn -0.828998 0 0.559252
vn 0.559187 0 0.829041
vn 0 1 0
vn -0.828998 0 0.559252
vn 0.559187 0 0.829041
vn 0.559187 0 0.829041
vn 0 1 0
vn 0.559187 0 0.829041
vn 0 1 0
vn -0.829047 0 0.559179
vn 0 1 0
vn -0.829047 0 0.559179
vn 0.559252 0 0.828998
vn 0 1 0
vn 0.559252 0 0.828998
vn -0.829047 0 0.559179
vn 0 1 0
vn -0.829047 0 0.559179
vn 0.559252 0 0.828998
vn 0 1 0
vn 0.559252 0 0.828998
vn 0 1 0
vn 0 1 0
vn -0.828962 0 0.559304
vn 0 1 0
vn -0.828962 0 0.559304
vn 0.559252 0 0.828998
vn 0 1 0
vn 0.559252 0 0.828998
vn -0.828962 0 0.559304
vn 0 1 0
vn -0.828962 0 0.559304
vn 0.559252 0 0.828998
vn 0 1 0
vn 0.559252 0 0.828998
vn 0 1 0
vn 0 1 0
vn -0.829006 0 0.559239
vn 0 1 0
vn -0.829006 0 0.559239
vn 0.558953 0 0.829199
vn 0 1 0
vn 0.558953 0 0.829199
vn -0.829006 0 0.559239
vn 0 1 0
vn -0.829006 0 0.559239
vn 0.558953 0 0.829199
vn 0 1 0
vn 0.558953 0 0.829199
vn 0 1 -0.000001
vn 0 1 0
vn -0.82908 0 0.55913
vn 0 1 0
vn -0.82908 0 0.55913
vn 0.559252 0 0.828998
vn 0 1 -0.000001
vn 0.559252 0 0.828998
vn -0.82908 0 0.55913
vn 0 1 0
vn -0.82908 0 0.55913
vn 0.559252 0 0.828998
vn 0 1 0
vn 0.559252 0 0.828998
vn 0 1 0
vn 0 1 0
vn -0.828932 0 0.559349
vn 0 1 0
vn -0.828932 0 0.559349
vn 0.559252 0 0.828998
vn 0 1 0.000001
vn 0.559252 0 0.828998
vn -0.828932 0 0.559349
vn 0 1 0.000002
vn -0.828932 0 0.559349
vn 0.559252 0 0.828998
vn 0.000001 1 0
vn 0.559252 0 0.828998
vn 0 1 0
vn 0 1 0.000002
vn -0.829016 0 0.559224
vn 0.000001 1 0
vn -0.829016 0 0.559224
vn 0.558814 0 0.829293
vn 0 1 0
vn 0.558813 0 0.829293
vn -0.829016 0 0.559224
vn 0 1 0
vn -0.829016 0 0.559224
vn 0.558813 0 0.829293
vn 0 1 0
vn 0.558814 0 0.829293
vn 0 1 0
vn 0 1 0
vn -0.829029 0 0.559206
vn 0 1 0
vn -0.829029 0 0.559206
vn 0.559252 0 0.828998
vn 0 1 0
vn 0.559252 0 0.828998
vn -0.829029 0 0.559206
vn 0 1 0
vn -0.829029 0 0.559206
vn 0.559252 0 0.828998
vn 0 1 0
vn 0.559252 0 0.828998
vn 0 1 0

# Number of texture vertices: 2088
vt 0.805114 0.349089
vt 0.149118 0.193641
vt 0.275574 0.193641
vt 0.805114 0.223598
vt 0.275574 0.193641
vt 0.805114 0.223598
vt 0.790237 0.349089
vt 0.275574 0.852015
vt 0.790237 0.349089
vt 0.275574 0.852015
vt 0.149118 0.208405
vt 0.149118 0.726512
vt 0.149118 0.208405
vt 0.149118 0.726512
vt 0.275574 0.208405
vt 0.790237 0.223598
vt 0.275574 0.726524
vt 0.275574 0.208405
vt 0.790237 0.223598
vt 0.275574 0.726524
vt 0.275574 0.208405
vt 0.790237 0.223598
vt 0.275574 0.726524
vt 0.268125 0.84463
vt 0.835093 0.489568
vt 0.268125 0.84463
vt 0.835093 0.489568
vt 0.156567 0.733901
vt 0.752778 0.667224
vt 0.156567 0.733901
vt 0.752778 0.667224
vt 0.268125 0.733896
vt 0.864336 0.667224
vt 0.835093 0.378834
vt 0.268125 0.733896
vt 0.864336 0.667224
vt 0.835093 0.378834
vt 0.268125 0.733896
vt 0.864336 0.667224
vt 0.835093 0.378834
vt 0.820216 0.489568
vt 0.543801 0.866773
vt 0.820216 0.489568
vt 0.543801 0.866773
vt 0.752778 0.681989
vt 0.432244 0.756044
vt 0.752778 0.681989
vt 0.432244 0.756044
vt 0.864336 0.681989
vt 0.820216 0.378834
vt 0.543801 0.756039
vt 0.864336 0.681989
vt 0.820216 0.378834
vt 0.543801 0.756039
vt 0.864336 0.681989
vt 0.820216 0.378834
vt 0.543801 0.756039
vt 0.536372 0.859401
vt 0.887572 0.851994
vt 0.536372 0.859401
vt 0.887572 0.851994
vt 0.439663 0.763424
vt 0.260959 0.134137
vt 0.439663 0.763424
vt 0.260959 0.134137
vt 0.536372 0.763424
vt 0.357668 0.134137
vt 0.887572 0.756017
vt 0.536372 0.763424
vt 0.357668 0.134137
vt 0.887572 0.756017
vt 0.536372 0.763424
vt 0.357668 0.134137
vt 0.887572 0.756017
vt 0.872695 0.851994
vt 0.611026 0.460049
vt 0.872695 0.851994
vt 0.611026 0.460049
vt 0.260959 0.148902
vt 0.514318 0.364072
vt 0.260959 0.148902
vt 0.514318 0.364072
vt 0.357668 0.148902
vt 0.872695 0.756017
vt 0.611026 0.364072
vt 0.357668 0.148902
vt 0.872695 0.756017
vt 0.611026 0.364072
vt 0.357668 0.148902
vt 0.872695 0.756017
vt 0.611026 0.364072
vt 0.603577 0.452681
vt 0.895052 0.238114
vt 0.603577 0.452681
vt 0.895052 0.238114
vt 0.521757 0.371456
vt 0.47013 0.082234
vt 0.521757 0.371456
vt 0.47013 0.082234
vt 0.603577 0.371462
vt 0.551951 0.082234
vt 0.895052 0.156896
vt 0.603577 0.371462
vt 0.551951 0.082234
vt 0.895052 0.156896
vt 0.603577 0.371462
vt 0.551951 0.082234
vt 0.895052 0.156896
vt 0.880175 0.238114
vt 0.707969 0.363856
vt 0.880175 0.238114
vt 0.707969 0.363856
vt 0.47013 0.096998
vt 0.626148 0.282632
vt 0.47013 0.096998
vt 0.626148 0.282632
vt 0.551951 0.096998
vt 0.880175 0.156896
vt 0.707969 0.282638
vt 0.551951 0.096998
vt 0.880175 0.156896
vt 0.707969 0.282638
vt 0.551951 0.096998
vt 0.880175 0.156896
vt 0.707969 0.282638
vt 0.70053 0.35646
vt 0.95501 0.69671
vt 0.70053 0.35646
vt 0.95501 0.69671
vt 0.633568 0.290024
vt 0.149128 0.052482
vt 0.633568 0.290024
vt 0.149128 0.052482
vt 0.70053 0.290019
vt 0.21609 0.052482
vt 0.95501 0.630269
vt 0.70053 0.290019
vt 0.21609 0.052482
vt 0.95501 0.630269
vt 0.70053 0.290019
vt 0.21609 0.052482
vt 0.95501 0.630269
vt 0.940133 0.69671
vt 0.737676 0.82248
vt 0.940133 0.69671
vt 0.737676 0.82248
vt 0.149128 0.067246
vt 0.670714 0.756044
vt 0.149128 0.067246
vt 0.670714 0.756044
vt 0.21609 0.067246
vt 0.940133 0.630269
vt 0.737676 0.756039
vt 0.21609 0.067246
vt 0.940133 0.630269
vt 0.737676 0.756039
vt 0.21609 0.067246
vt 0.940133 0.630269
vt 0.737676 0.756039
vt 0.730237 0.815102
vt 0.95501 0.275249
vt 0.730237 0.815102
vt 0.95501 0.275249
vt 0.678173 0.763415
vt 0.007561 0.044882
vt 0.678173 0.763415
vt 0.007561 0.044882
vt 0.730237 0.76342
vt 0.059625 0.044882
vt 0.95501 0.223566
vt 0.730237 0.76342
vt 0.059625 0.044882
vt 0.95501 0.223566
vt 0.730237 0.76342
vt 0.059625 0.044882
vt 0.95501 0.223566
vt 0.940133 0.275249
vt 0.775135 0.556243
vt 0.940133 0.275249
vt 0.775135 0.556243
vt 0.007561 0.059646
vt 0.723071 0.504555
vt 0.007561 0.059646
vt 0.723071 0.504555
vt 0.059625 0.059646
vt 0.940133 0.223566
vt 0.775135 0.50456
vt 0.059625 0.059646
vt 0.940133 0.223566
vt 0.775135 0.50456
vt 0.059625 0.059646
vt 0.940133 0.223566
vt 0.775135 0.50456
vt 0.767696 0.548859
vt 0.984989 0.563379
vt 0.767696 0.548859
vt 0.984989 0.563379
vt 0.7305 0.51195
vt 0.335788 0.02273
vt 0.7305 0.51195
vt 0.335788 0.02273
vt 0.767696 0.511944
vt 0.372984 0.02273
vt 0.984989 0.526464
vt 0.767696 0.511944
vt 0.372984 0.02273
vt 0.984989 0.526464
vt 0.767696 0.511944
vt 0.372984 0.02273
vt 0.984989 0.526464
vt 0.970112 0.563379
vt 0.350452 0.119149
vt 0.970112 0.563379
vt 0.350452 0.119149
vt 0.335788 0.037494
vt 0.313257 0.08224
vt 0.335788 0.037494
vt 0.313257 0.08224
vt 0.372984 0.037494
vt 0.970112 0.526464
vt 0.350452 0.082234
vt 0.372984 0.037494
vt 0.970112 0.526464
vt 0.350452 0.082234
vt 0.372984 0.037494
vt 0.970112 0.526464
vt 0.350452 0.082234
vt 0.343023 0.111763
vt 0.767714 0.02963
vt 0.343023 0.111763
vt 0.767714 0.02963
vt 0.320696 0.089616
vt 0.007561 0.01513
vt 0.320696 0.089616
vt 0.007561 0.01513
vt 0.343023 0.089627
vt 0.029888 0.01513
vt 0.767714 0.007494
vt 0.343023 0.089627
vt 0.029888 0.01513
vt 0.767714 0.007494
vt 0.343023 0.089627
vt 0.029888 0.01513
vt 0.767714 0.007494
vt 0.752837 0.02963
vt 0.992449 0.408136
vt 0.752837 0.02963
vt 0.992449 0.408136
vt 0.007561 0.029894
vt 0.970122 0.385989
vt 0.007561 0.029894
vt 0.970122 0.385989
vt 0.029888 0.029894
vt 0.752837 0.007494
vt 0.992449 0.386
vt 0.029888 0.029894
vt 0.752837 0.007494
vt 0.992449 0.386
vt 0.029888 0.029894
vt 0.752837 0.007494
vt 0.992449 0.386
vt 0.670549 0.223128
vt 0.544094 0.223128
vt 0.790237 0.364076
vt 0.544094 0.223128
vt 0.790237 0.364076
vt 0.544094 0.237893
vt 0.805114 0.364076
vt 0.290676 0.867002
vt 0.544094 0.237893
vt 0.805114 0.364076
vt 0.290676 0.867002
vt 0.544094 0.237893
vt 0.805114 0.364076
vt 0.290676 0.867002
vt 0.670549 0.237892
vt 0.417132 0.867002
vt 0.670549 0.237892
vt 0.417132 0.867002
vt 0.790237 0.489568
vt 0.805114 0.489568
vt 0.290676 0.992494
vt 0.805114 0.489568
vt 0.290676 0.992494
vt 0.298105 0.874382
vt 0.685651 0.163625
vt 0.842716 0.852228
vt 0.298105 0.874382
vt 0.685651 0.163625
vt 0.842716 0.852228
vt 0.298105 0.874382
vt 0.685651 0.163625
vt 0.842716 0.852228
vt 0.409683 0.874395
vt 0.797229 0.163625
vt 0.409683 0.874395
vt 0.797229 0.163625
vt 0.298096 0.985113
vt 0.842716 0.962958
vt 0.298096 0.985113
vt 0.842716 0.962958
vt 0.685651 0.178389
vt 0.857593 0.852228
vt 0.260949 0.460296
vt 0.685651 0.178389
vt 0.857593 0.852228
vt 0.260949 0.460296
vt 0.685651 0.178389
vt 0.857593 0.852228
vt 0.260949 0.460296
vt 0.797229 0.178389
vt 0.372526 0.460308
vt 0.797229 0.178389
vt 0.372526 0.460308
vt 0.857593 0.962958
vt 0.260939 0.571026
vt 0.857593 0.962958
vt 0.260939 0.571026
vt 0.268388 0.467675
vt 0.685651 0.133873
vt 0.850195 0.26786
vt 0.268388 0.467675
vt 0.685651 0.133873
vt 0.850195 0.26786
vt 0.268388 0.467675
vt 0.685651 0.133873
vt 0.850195 0.26786
vt 0.365097 0.46768
vt 0.78236 0.133873
vt 0.365097 0.46768
vt 0.78236 0.133873
vt 0.268388 0.563661
vt 0.850195 0.363847
vt 0.268388 0.563661
vt 0.850195 0.363847
vt 0.685651 0.148637
vt 0.865072 0.26786
vt 0.514318 0.475037
vt 0.685651 0.148637
vt 0.865072 0.26786
vt 0.514318 0.475037
vt 0.685651 0.148637
vt 0.865072 0.26786
vt 0.514318 0.475037
vt 0.78236 0.148637
vt 0.611026 0.475042
vt 0.78236 0.148637
vt 0.611026 0.475042
vt 0.865072 0.363847
vt 0.514318 0.571023
vt 0.865072 0.363847
vt 0.514318 0.571023
vt 0.521747 0.48243
vt 0.588719 0.104121
vt 0.902674 0.881742
vt 0.521747 0.48243
vt 0.588719 0.104121
vt 0.902674 0.881742
vt 0.521747 0.48243
vt 0.588719 0.104121
vt 0.902674 0.881742
vt 0.603577 0.482425
vt 0.670549 0.104121
vt 0.603577 0.482425
vt 0.670549 0.104121
vt 0.521747 0.563646
vt 0.902674 0.962958
vt 0.521747 0.563646
vt 0.902674 0.962958
vt 0.588719 0.118885
vt 0.917551 0.881742
vt 0.558903 0.659836
vt 0.588719 0.118885
vt 0.917551 0.881742
vt 0.558903 0.659836
vt 0.588719 0.118885
vt 0.917551 0.881742
vt 0.558903 0.659836
vt 0.670549 0.118885
vt 0.640734 0.659831
vt 0.670549 0.118885
vt 0.640734 0.659831
vt 0.917551 0.962958
vt 0.558903 0.741052
vt 0.917551 0.962958
vt 0.558903 0.741052
vt 0.566342 0.667215
vt 0.858059 0.097392
vt 0.932653 0.815072
vt 0.566342 0.667215
vt 0.858059 0.097392
vt 0.932653 0.815072
vt 0.566342 0.667215
vt 0.858059 0.097392
vt 0.932653 0.815072
vt 0.633314 0.667213
vt 0.925031 0.097392
vt 0.633314 0.667213
vt 0.925031 0.097392
vt 0.566342 0.733659
vt 0.932653 0.881516
vt 0.566342 0.733659
vt 0.932653 0.881516
vt 0.858059 0.112157
vt 0.94753 0.815072
vt 0.626128 0.571232
vt 0.858059 0.112157
vt 0.94753 0.815072
vt 0.626128 0.571232
vt 0.858059 0.112157
vt 0.94753 0.815072
vt 0.626128 0.571232
vt 0.925031 0.112157
vt 0.6931 0.571231
vt 0.925031 0.112157
vt 0.6931 0.571231
vt 0.94753 0.881516
vt 0.626128 0.637676
vt 0.94753 0.881516
vt 0.626128 0.637676
vt 0.633577 0.578606
vt 0.46201 0.200978
vt 0.940133 0.090227
vt 0.633577 0.578606
vt 0.46201 0.200978
vt 0.940133 0.090227
vt 0.633577 0.578606
vt 0.46201 0.200978
vt 0.940133 0.090227
vt 0.685651 0.57861
vt 0.514084 0.200978
vt 0.685651 0.57861
vt 0.514084 0.200978
vt 0.633577 0.630288
vt 0.940133 0.141908
vt 0.633577 0.630288
vt 0.940133 0.141908
vt 0.46201 0.215742
vt 0.95501 0.090227
vt 0.558903 0.593162
vt 0.46201 0.215742
vt 0.95501 0.090227
vt 0.558903 0.593162
vt 0.46201 0.215742
vt 0.95501 0.090227
vt 0.558903 0.593162
vt 0.514084 0.215742
vt 0.610977 0.593165
vt 0.514084 0.215742
vt 0.610977 0.593165
vt 0.95501 0.141908
vt 0.558903 0.644843
vt 0.95501 0.141908
vt 0.558903 0.644843
vt 0.566333 0.600555
vt 0.454795 0.378633
vt 0.910154 0.47502
vt 0.566333 0.600555
vt 0.454795 0.378633
vt 0.910154 0.47502
vt 0.566333 0.600555
vt 0.454795 0.378633
vt 0.910154 0.47502
vt 0.603538 0.60055
vt 0.492 0.378633
vt 0.603538 0.60055
vt 0.492 0.378633
vt 0.566333 0.63747
